Запуск от: 11.11.2022 16:55:27
10|0
10|0
10|0
10|0
10|0
10|0
10|0
10|0
10|0
10|0
Запуск от: 11.11.2022 16:58:53
10|0
10|0
10|0
10|0
10|0
10|0
10|0
10|0
10|0
10|0
Запуск от: 11.11.2022 17:00:16
10|0
10|0
10|0
Запуск от: 11.11.2022 17:01:34
10|0
10|0
10|0
10|0
10|0
10|0
10|0
Запуск от: 11.11.2022 17:02:54
10|0
10|0
10|0
10|0
10|0
10|0
10|0
10|0
10|0
10|0
Запуск от: 11.11.2022 17:07:49
10|0
10|0
10|0
10|0
10|0
10|0
10|0
10|0
10|0
10|0
Запуск от: 11.11.2022 17:10:07
10|0
10|0
10|0
10|0
10|0
10|0
10|0
10|0
10|0
10|0
Запуск от: 11.11.2022 17:33:16
10|0
10|0
10|0
10|0
10|0
10|0
10|0
10|0
10|0
10|0
Запуск от: 11.11.2022 17:36:10
10|0
10|0
10|0
10|0
10|0
10|0
10|0
10|0
10|0
10|0
Запуск от: 11.11.2022 17:37:32
10|0
10|0
10|0
10|0
10|0
10|0
10|0
10|0
10|0
10|0
Запуск от: 11.11.2022 17:39:16
10|0
10|0
10|0
10|0
10|0
10|0
10|0
10|0
10|0
10|0
Запуск от: 11.11.2022 17:41:10
10|0
10|0
10|0
10|0
10|0
10|0
10|0
10|0
10|0
10|0
Запуск от: 11.11.2022 17:42:16
10|0
10|0
10|0
10|0
10|0
10|0
10|0
10|0
10|0
10|0
Запуск от: 11.11.2022 17:42:50
10|0
10|0
10|0
10|0
10|0
10|0
10|0
10|0
10|0
10|0
